829
321 381
90 763
220 58
321 235
158 101
3 112
779 154
347 706
225 152
318 794
416 217
291 496
585 501
522 495
327 375
120 306
48 708
121 152
741 179
745 175
692 699
372 348
82 3
676 23
131 386
93 19
142 492
376 776
655 626
449 248
67 453
320 352
805 207
277 568
666 374
458 157
193 182
185 681
311 670
278 528
295 580
167 332
520 333
108 376
398 57
196 97
168 390
245 329
57 60
633 102
159 61
280 46
310 173
356 385
520 575
294 435
620 609
629 85
127 257
152 182
189 146
402 289
81 368
350 409
27 62
145 110
410 69
70 266
378 713
60 89
1 651
323 324
115 52
320 304
540 663
107 35
37 104
38 289
326 109
207 93
62 119
418 153
781 384
183 325
206 397
61 179
166 537
78 632
122 146
175 2
21 284
667 95
149 269
96 93
55 30
44 595
42 447
28 33
452 643
3 80
395 10
475 751
369 735
747 529
507 432
120 53
413 28
142 118
216 521
228 30
597 410
205 281
2 4
48 63
107 768
373 445
404 311
29 167
316 481
700 207
207 278
698 724
147 21
685 132
247 194
72 36
129 58
690 294
364 656
687 604
431 352
654 282
628 63
296 167
388 456
92 354
252 272
198 46
304 777
22 131
223 365
81 151
703 610
546 2
471 295
28 290
737 346
112 222
388 493
275 127
97 191
9 8
750 114
357 288
43 18
47 686
509 348
242 222
778 197
154 62
482 190
416 514
197 43
134 98
61 126
174 814
233 661
410 446
605 601
645 74
34 37
287 544
40 163
46 36
331 40
139 235
185 178
401 535
57 52
270 143
294 499
208 436
255 41
369 220
3 1
469 788
410 782
308 123
623 500
373 149
285 143
24 26
498 248
679 209
160 181
149 38
283 51
178 626
99 823
365 461
705 414
12 268
596 701
715 774
497 718
417 374
193 353
731 155
56 176
355 25
10 264
459 45
236 169
766 497
792 602
428 430
2 23
819 560
58 367
429 93
307 351
725 608
780 799
364 355
451 358
2 10
379 373
357 366
40 78
105 292
570 429
205 50
344 87
421 419
326 688
127 51
79 169
691 517
143 780
65 2
157 260
238 80
456 483
119 139
11 18
86 77
68 128
40 140
8 110
71 245
482 730
183 194
660 44
497 622
195 163
133 190
491 474
569 810
297 363
213 163
603 124
599 522
248 224
419 416
585 818
434 119
165 12
817 232
391 111
14 79
132 82
586 253
203 72
192 180
247 277
82 403
209 683
710 394
76 638
480 225
10 114
3 12
99 513
802 484
61 695
186 356
420 787
517 48
105 400
62 99
463 110
167 407
304 215
515 480
543 57
133 58
326 388
485 608
177 114
426 63
665 551
66 183
383 147
673 26
748 210
204 136
225 659
30 88
39 116
286 47
587 127
669 397
411 183
204 757
113 81
682 421
604 335
547 192
396 341
512 165
613 502
4 246
136 250
579 549
282 824
602 438
174 346
54 6
3 22
11 14
825 47
361 90
274 41
51 30
618 385
279 267
562 302
61 161
486 376
134 153
57 302
178 125
764 829
441 466
148 438
39 164
728 516
220 715
318 102
349 771
141 9
588 569
109 77
275 711
164 516
224 739
31 25
10 19
153 443
299 52
82 295
594 129
440 2
504 85
652 586
328 406
565 702
490 251
790 5
753 564
127 734
103 93
117 662
12 211
717 648
271 178
323 432
634 249
53 81
658 598
36 327
369 477
291 70
143 581
313 295
80 106
412 88
149 330
53 100
732 604
452 590
508 692
647 70
254 89
341 2
380 211
460 378
381 533
121 184
132 761
293 644
760 524
191 237
469 205
153 168
63 811
103 534
21 8
129 334
219 133
803 120
619 581
53 2
642 29
116 172
439 70
199 121
359 749
167 232
465 556
108 58
56 50
374 125
186 408
45 244
91 55
444 59
6 188
712 291
86 797
492 598
167 282
197 200
502 171
495 354
158 323
117 63
78 137
467 25
593 166
203 394
118 20
821 500
86 298
186 64
524 9
806 341
569 624
355 470
423 28
240 311
167 723
16 8
601 90
7 13
201 621
77 253
24 20
230 122
7 20
301 300
4 84
343 726
744 53
78 217
389 489
218 529
584 550
727 374
38 3
303 287
454 609
8 3
70 557
1 716
378 213
411 765
525 464
3 7
637 470
553 501
368 616
173 134
236 258
25 573
157 143
9 215
6 5
218 93
743 262
144 119
392 69
268 441
49 297
440 646
826 326
192 293
828 793
136 474
709 346
182 485
13 66
238 627
131 136
607 29
210 500
267 74
572 249
95 212
216 462
365 382
560 144
677 647
348 755
54 124
326 526
565 240
408 442
798 348
74 756
740 144
764 135
135 276
415 8
265 256
47 35
377 262
239 227
92 156
201 167
300 208
156 476
478 282
40 7
233 102
193 216
511 804
68 17
78 611
369 424
678 445
437 89
497 172
693 419
234 414
47 76
37 795
423 772
101 1
256 339
176 548
615 674
85 148
698 473
155 113
377 540
596 594
1 2
305 212
67 18
69 64
116 171
518 44
319 243
527 721
96 532
256 146
86 384
434 545
465 302
291 531
75 503
418 786
806 816
530 295
789 719
28 13
612 536
39 13
241 137
209 309
473 550
362 80
34 33
4 5
793 564
473 641
203 552
49 41
636 562
251 577
719 345
174 523
1 87
64 92
738 528
238 815
60 591
813 567
450 68
41 9
389 372
696 159
689 444
263 6
208 209
41 555
173 261
110 347
73 16
387 671
335 773
375 538
742 598
175 180
615 69
289 785
468 207
64 77
348 129
549 425
103 342
196 510
143 27
393 238
309 455
304 506
569 544
18 160
729 317
101 340
541 302
272 473
291 807
769 274
29 94
262 141
161 294
631 485
27 15
72 508
741 758
13 25
370 154
175 488
111 110
206 78
359 454
281 809
783 712
78 554
428 610
53 105
657 41
733 559
250 273
519 75
55 224
649 496
367 614
791 28
648 461
279 387
71 54
180 333
30 1
316 76
464 372
4 617
343 428
175 640
377 574
311 714
448 44
86 288
401 220
187 76
476 566
85 77
208 202
210 46
221 189
71 121
209 226
52 31
57 345
784 59
542 442
746 386
42 38
551 526
70 61
349 241
339 433
223 30
272 322
625 198
209 762
64 150
405 117
336 119
359 114
21 125
15 6
22 315
420 417
222 350
64 202
111 800
739 759
20 29
31 472
204 770
576 155
424 653
571 399
59 31
511 314
243 196
371 125
752 721
360 109
36 12
76 97
170 40
83 11
54 675
17 16
30 138
17 249
444 827
391 487
45 668
35 74
635 297